100
-37.75742
55.12758
-6.327286
1.7652054
79.18498
32.741287
45.49727
99.40442
19.240189
34.492188
-24.16407
-80.98354
77.47427
73.273865
54.462723
-4.4965744
-63.853634
21.350967
95.21959
-20.23648
-12.437202
-44.67609
-37.97631
27.319298
-97.703
79.97963
68.04065
-63.528694
28.826294
-94.470215
-4.9512405
83.40221
45.406693
-32.782913
20.575356
-13.667831
68.8604
-65.29477
-88.93659
-37.710117
77.615555
11.257324
91.41145
88.82591
13.165817
-27.23079
-3.3624496
97.686584
-13.916573
-49.295677
-47.31207
-15.152954
96.42737
80.445724
13.706627
76.25215
-33.937393
80.23436
-63.80756
-75.85621
-80.099915
-88.48059
-79.19032
86.09369
-92.14374
-81.84515
65.226166
47.07077
-41.483463
-78.49766
1.892128
-48.565674
43.796844
36.3443
-60.56577
-87.834236
21.681847
-3.1117325
-27.764877
32.567
37.35489
74.50345
97.3396
12.817856
-6.676361
13.740517
99.23712
0.083602905
53.715485
98.34267
-9.893333
84.3033
99.61636
-74.81982
-24.81215
-71.49718
-10.3639145
-44.723656
40.100555
-33.27825
-43.09938
-75.58829
-90.16175
96.802765
60.12596
-68.61006
29.09671
-40.12523
-62.330055
33.24292
-27.515198
-68.00266
-59.535946
19.891167
63.534485
-17.114624
-40.901363
-74.372665
-93.54999
86.777954
44.29889
73.951416
-2.0021439
34.365494
46.436523
-88.42348
63.255356
-96.624664
82.05014
35.78958
63.144897
38.19615
-47.30288
-21.139374
-40.553104
83.17865
-11.441277
-90.95472
-59.402752
-44.50706
-73.581696
18.23587
45.947678
55.281998
34.90837
-27.06633
54.839355
45.08676
10.875145
42.507553
-2.0245056
-82.988464
46.568222
-75.62989
10.966896
-37.141502
30.976883
-49.442135
82.97812
-94.3812
-61.51706
-21.80281
97.16237
4.5230255
78.181274
-15.461945
-55.29728
-47.291077
47.46292
55.842896
-7.934929
16.966782
39.11093
81.74449
53.42987
-28.394905
-6.7960587
49.183304
69.74191
-69.99992
-69.84169
32.26892
-84.433426
-67.26644
31.492218
-40.920925
-21.245766
93.393906
98.21695
-80.666794
-89.79267
93.246216
76.62747
76.99971
86.855316
43.328064
-73.221085
-58.71061
-74.06451
-35.519447
